6695624;Warszawa;21.04191;52.23547;517.2
3094802;Kraków;19.91667;50.083328;326.9
3083829;Szczecin;14.55302;53.42894;300.6
3093133;Łódź;19.466669;51.75;293.3
3081368;Wrocław;17.033331;51.099998;292.8
7530991;Zielona Góra;15.51216;51.937679;278.3
7531002;Gdańsk;18.68976;54.361118;262.0
7530858;Poznań;16.901541;52.400631;261.9
7530749;Świnoujście;14.31313;53.850201;202.1
7530746;Dąbrowa Górnicza;19.32131;50.371029;188.7
7530814;Bydgoszcz;18.0383;53.12973;176.0
3096472;Katowice;19.02754;50.258419;164.6
7530964;Częstochowa;19.122169;50.809639;159.7
7530817;Jaworzno;19.301331;50.18914;152.6
3090048;Opole;17.950001;50.666672;148.9
7530790;Rybnik;18.549259;50.110821;148.4
765876;Lublin;22.566669;51.25;147.5
3099424;Gdynia;18.531879;54.51889;135.1
7530857;Gliwice;18.64983;50.301159;133.9
7530791;Bielsko-Biała;19.03899;49.812038;124.5
7531299;Kędzierzyn-Koźle;18.245529;50.345329;123.7
7530819;Rzeszów;21.98848;50.005451;120.4
3094562;Krynica Morska;19.44413;54.380508;118.6
3083271;Toruń;18.598141;53.013748;115.7
7532212;Radom;21.156099;51.417198;111.8
7532559;Wisła;18.9109;49.635799;110.2
769250;Kielce;20.62752;50.870331;109.7
7530796;Jelenia Góra;15.72796;50.850159;109.2
7531697;Piła;16.760099;53.1348;102.7
776069;Białystok;23.15;53.133331;102.1
7532538;Koszalin;16.2166;54.2071;98.3
7530975;Sosnowiec;19.19463;50.271191;91.1
7531778;Lubliniec;18.708599;50.6432;89.4
763166;Olsztyn;20.49416;53.779949;88.3
7530939;Płock;19.71497;52.535419;88.0
3098722;Gorzów Wielkopolski;15.22878;52.73679;85.7
7532503;Tarnobrzeg;21.681601;50.573639;85.4
7530961;Jastrzębie-Zdrój;18.600531;49.960629;85.3
7531906;Zawiercie;19.4704;50.505798;85.3
7532039;Wałbrzych;16.291201;50.785099;84.7
7530966;Włocławek;19.060829;52.665379;84.3
7531513;Zakopane;19.971861;49.275761;84.3
7532705;Orzesze;18.794399;50.108299;83.8
7531827;Tarnowskie Góry;18.841999;50.4655;83.7
7531427;Stalowa Wola;22.01749;50.56649;82.5
7530963;Konin;18.26219;52.256222;82.2
7530984;Tychy;19.0084;50.126499;81.8
7531271;Augustów;22.9492;53.83971;80.9
7530952;Zabrze;18.79656;50.314121;80.4
3083749;Szczytna;16.44743;50.413429;80.4
3099759;Elbląg;19.40884;54.152199;79.8
753276;Zielonka;21.160179;52.303761;79.5
7531571;Mikołów;18.861891;50.196091;79.2
7531588;Ruda Śląska;18.874241;50.270061;77.7
7532708;Kalety;18.929701;50.568699;76.3
7532510;Szklarska Poręba;15.4664;50.814201;75.4
7532706;Racibórz;18.221701;50.090599;75.0
7532873;Myszków;19.3274;50.564602;73.6
7532542;Tarnów;20.986629;50.017559;72.4
7533179;Jastrowie;16.7887;53.4076;72.3
3081404;Woźniki;19.49078;49.93774;71.0
7530986;Bytom;18.876301;50.365211;69.4
7530863;Kalisz;18.076059;51.74725;69.4
3092082;Miasteczko Śląskie;18.939489;50.502621;67.8
7530745;Piotrków Trybunalski;19.716619;51.412949;67.2
7531586;Mysłowice;19.153879;50.209621;65.6
7530941;Suwałki;22.92914;54.102718;65.5
7532344;Żory;18.689199;50.038898;64.6
3102076;Bukowno;19.45962;50.26474;64.6
7532739;Skarżysko-Kamienna;20.8752;51.122898;64.4
7533317;Nisko;22.129;50.503201;61.0
7533031;Bogatynia;14.9386;50.922298;59.9
7533074;Suchedniów;20.831699;51.051601;59.4
7531846;Ustroń;18.831301;49.718601;59.0
7530969;Grudziądz;18.77849;53.472462;57.8
7532585;Nowy Sącz;20.7066;49.610199;57.6
7530968;Legnica;16.15834;51.204731;56.3
3095421;Kolonowskie;18.38493;50.653381;55.7
7532572;Radomsko;19.442699;51.071098;51.4
7531129;Sieradz;18.7384;51.601719;51.2
7532650;Nowy Targ;20.044201;49.489201;51.1
7532895;Żywiec;19.2097;49.706299;50.5
7532210;Puławy;21.9772;51.426498;50.5
7533421;Otmuchów;17.1236;50.465401;49.5
7531744;Wodzisław Śląski;18.439899;50.0023;49.5
7530726;Biała Podlaska;23.138309;52.029041;49.4
7531675;Szczecinek;16.694599;53.702702;48.5
7531735;Stargard;15.0116;53.308998;48.1
7533006;Kłobuck;18.940201;50.906799;47.5
7532584;Otwock;21.289301;52.116001;47.3
7533357;Ropczyce;21.6127;50.049;47.1
7531899;Mielec;21.564699;50.257301;46.9
7533528;Kleszczele;23.3304;52.577599;46.7
3101161;Czarne;16.938339;53.6842;46.4
7531900;Ostrowiec Świętokrzyski;21.406401;50.950199;46.4
7530748;Przemyśl;22.784241;49.783451;46.2
7531390;Kostrzyn nad Odrą;14.64042;52.61628;46.1
7530976;Krosno;21.753019;49.689251;43.5
3089152;Piechowice;15.59887;50.849628;43.2
7530942;Słupsk;17.02787;54.460602;43.2
7531886;Zgierz;19.393999;51.855499;42.3
7532093;Krasnystaw;23.1724;50.984959;42.1
7532713;Ostrów Wielkopolski;17.8039;51.6469;41.9
7531284;Tomaszów Mazowiecki;20.025921;51.520599;41.3
7532505;Lubin;16.193899;51.399399;40.8
7531632;Gniezno;17.603279;52.524921;40.6
7531497;Bieruń;19.14328;50.084381;40.5
7532682;Żagań;15.3156;51.614899;40.4
761471;Poręba;22.32004;50.354031;40.0
7530965;Piekary Śląskie;18.92841;50.380939;40.0
7532564;Szczyrk;19.007999;49.696499;39.1
7533464;Pyrzyce;14.893;53.1418;38.8
7533029;Siewierz;19.216;50.464699;38.7
7532275;Dęblin;21.8743;51.567299;38.3
7533327;Chrzanów;19.359501;50.1292;38.3
7533255;Piwniczna-Zdrój;20.6721;49.432499;38.3
7532617;Wałcz;16.4494;53.272598;38.2
7531370;Sanok;22.2157;49.556541;38.1
7532480;Karpacz;15.7442;50.763802;38.0
3100974;Czerwionka-Leszczyny;18.67762;50.15007;37.6
7531901;Kowary;15.8427;50.778599;37.4
7532923;Będzin;19.123899;50.3358;37.4
7533330;Police;14.5792;53.567699;37.3
7531482;Nowa Ruda;16.51955;50.573502;37.1
7533034;Koniecpol;19.6924;50.771099;36.9
7531556;Sławków;19.34746;50.29179;36.7
3103274;Blachownia;18.96389;50.780151;36.7
760055;Rudnik nad Sanem;22.24856;50.441521;36.6
7532613;Jasło;21.471701;49.747002;36.5
7532294;Siemiatycze;22.875099;52.420502;36.3
7532267;Bielawa;16.6028;50.6754;36.2
7533417;Skwierzyna;15.5058;52.591202;35.9
7533306;Libiąż;19.3179;50.094898;35.9
7532097;Łuków;22.3855;51.925201;35.8
7530729;Chełm;23.48971;51.135578;35.3
7533558;Rajgród;22.679899;53.730099;35.3
7532607;Głogów;16.0436;51.669899;35.1
7532889;Mława;20.381201;53.134102;34.8
7532652;Bełchatów;19.3626;51.3545;34.6
7532223;Jarosław;22.670401;50.040001;34.6
7530973;Skierniewice;20.169121;51.958061;34.6
7531741;Knurów;18.6628;50.207199;34.0
7531275;Dębica;21.4158;50.045952;33.8
7532737;Kutno;19.371;52.222198;33.6
7532206;Żary;15.1455;51.6245;33.5
7530974;Ostrołęka;21.58906;53.07785;33.5
3087281;Reda;18.34717;54.605282;33.5
3091913;Mielno;16.062099;54.26086;33.5
7530967;Chorzów;18.96283;50.28849;33.2
7532209;Hrubieszów;23.8904;50.806702;33.0
7532602;Pabianice;19.354799;51.665699;33.0
7533112;Czechowice-Dziedzice;19.000401;49.903999;32.9
757461;Szczawnica;20.484871;49.42437;32.9
7531644;Ciechanów;20.614799;52.870998;32.8
7530773;Łomża;22.05888;53.182671;32.7
7531533;Gostynin;19.46258;52.42424;32.4
7533023;Złocieniec;16.0151;53.525101;32.3
7533188;Sobótka;16.724701;50.8764;32.2
7533335;Trzebinia;19.438;50.179501;31.9
7532815;Siedlce;22.2757;52.161701;31.9
7530993;Leszno;16.57593;51.844082;31.9
7532300;Starachowice;21.0716;51.0383;31.8
7531733;Lędziny;19.123501;50.129799;31.7
7532893;Pyskowice;18.6007;50.391499;30.9
7533442;Kazimierz Dolny;21.950001;51.3069;30.4
7531967;Świebodzice;16.338499;50.872501;30.4
7532534;Inowrocław;18.249901;52.781601;30.4
7532192;Zamość;23.248501;50.721298;30.3
7533374;Włoszczowa;19.986601;50.8573;30.3
7533117;Myślenice;19.943621;49.833549;30.2
7532573;Rumia;18.384701;54.569099;30.1
7531521;Oświęcim;19.256121;50.033649;30.0
7533459;Strzelce Opolskie;18.299999;50.529701;30.0
7532635;Bochnia;20.429199;49.974701;29.9
7533142;Ostrów Lubelski;22.8461;51.491199;29.8
7531107;Sulmierzyce;17.522221;51.616138;29.3
7533379;Szczebrzeszyn;22.9508;50.701698;29.1
7533500;Tykocin;22.7596;53.195801;29.0
7532761;Sandomierz;21.747;50.679501;28.7
7532301;Cieszyn;18.631781;49.749222;28.6
3090285;Ogrodzieniec;19.519871;50.451771;28.6
7533476;Wasilków;23.1959;53.212898;28.3
7532456;Nowy Dwór Mazowiecki;20.6917;52.4342;28.2
7532989;Koronowo;17.947901;53.321899;28.2
7533165;Karczew;21.277399;52.065701;28.1
7533299;Brok;21.880501;52.6982;28.1
3097886;Imielin;19.185989;50.14534;28.0
7533362;Gąbin;19.730801;52.401199;28.0
7532995;Krzepice;18.7257;50.9608;27.7
3084300;Sucha Beskidzka;19.59429;49.741879;27.7
7533350;Nysa;17.336901;50.473499;27.5
759151;Skaryszew;21.252331;51.310749;27.5
7532481;Oława;17.294201;50.957401;27.4
7531199;Konstantynów Łódzki;19.31012;51.757179;27.3
7533198;Ryki;21.9263;51.6259;27.2
7532641;Mszana Dolna;20.0793;49.681301;27.1
7532605;Boguszów-Gorce;16.205099;50.7551;27.0
7531759;Bielsk Podlaski;23.190201;52.764099;27.0
7532619;Wejherowo;18.2337;54.605999;27.0
7533517;Staszów;21.190701;50.562;26.9
7533007;Warka;21.1763;51.784698;26.8
7533433;Koziegłowy;19.1675;50.615799;26.7
7532270;Sochaczew;20.244499;52.236198;26.2
7532950;Marki;21.1199;52.337002;26.2
7532072;Kraśnik;22.213301;50.943401;26.1
757850;Suchowola;23.105961;53.57753;26.0
7531334;Lubaczów;23.120251;50.157299;25.7
7531670;Białogard;15.9755;54.014;25.7
7531681;Kołobrzeg;15.514;54.129101;25.7
7533287;Olkusz;19.561701;50.285801;25.7
7530985;Siemianowice Śląskie;19.023199;50.312309;25.5
7531589;Starogard Gdański;18.526449;53.965469;25.3
7532745;Przasnysz;20.885;53.018398;25.2
7533072;Ryglice;21.1416;49.877499;25.2
7532707;Kolno;21.9361;53.401798;25.1
7531693;Kłodzko;16.649;50.433701;24.8
7533039;Opoczno;20.274599;51.377399;24.8
7531684;Zduńska Wola;18.964701;51.5952;24.6
3090590;Nowe Warpno;14.28961;53.722561;24.5
7533472;Muszyna;20.895651;49.354542;24.4
3098583;Gozdnica;15.09856;51.436298;23.9
3097078;Józefów;19.49246;51.706001;23.9
7533013;Polkowice;16.068199;51.501301;23.7
7533149;Łosice;22.719801;52.1959;23.7
7533058;Knyszyn;22.897499;53.319599;23.7
7532649;Bolesławiec;15.5488;51.321499;23.6
7532785;Gorlice;21.165899;49.666302;23.5
7533122;Radzymin;21.1653;52.425999;23.4
7532978;Tuszyn;19.534599;51.6054;23.3
7532702;Brodnica;19.406401;53.2579;23.2
7533303;Dąbrowa Tarnowska;20.9949;50.1698;23.1
7533092;Pułtusk;21.0832;52.701302;23.1
7533321;Kęty;19.2097;49.879299;23.1
7531384;Hel;18.774389;54.636501;23.0
7533527;Namysłów;17.6954;51.076801;22.6
7533246;Krotoszyn;17.443701;51.695099;22.5
7533068;Pszczyna;18.932899;49.985901;22.5
7533570;Lubawka;16.006399;50.698502;22.4
7532586;Tczew;18.781601;54.090698;22.4
7531696;Świdwin;15.7973;53.7742;22.4
3100139;Drawsko Pomorskie;15.80967;53.53056;22.3
7533356;Zagórz;22.2651;49.507702;22.3
7531678;Duszniki-Zdrój;16.3818;50.3703;22.3
7531958;Ostrów Mazowiecka;21.891001;52.807098;22.3
7531247;Przeworsk;22.50116;50.05452;22.1
7532094;Garwolin;21.6231;51.895901;22.1
7533339;Środa Wielkopolska;17.2803;52.2299;21.9
7531498;Iława;19.559401;53.596001;21.9
7532629;Nowa Sól;15.7118;51.803398;21.8
7532248;Świdnica;16.4925;50.840599;21.8
7531224;Brzeziny;19.749439;51.800659;21.6
7532624;Kwidzyn;18.945299;53.720501;21.5
7532457;Hajnówka;23.5665;52.723598;21.3
7532583;Biłgoraj;22.711599;50.539001;21.1
7531646;Ełk;22.3598;53.823898;21.1
7532055;Chojnice;17.560101;53.699902;21.0
7531432;Jordanów;19.83713;49.64888;21.0
3094788;Krapkowice;17.965389;50.475151;21.0
7531860;Oleśnica;17.386;51.210499;21.0
7533316;Wyszków;21.4471;52.592201;20.8
7531973;Świeradów-Zdrój;15.3231;50.916901;20.7
7532114;Gubin;14.749;51.957199;20.7
7532578;Leżajsk;22.4186;50.265499;20.6
7533121;Nowogród;21.877041;53.223919;20.6
3085807;Skawina;19.82869;49.975239;20.5
7533081;Prudnik;17.568701;50.306;20.5
7533372;Strzegom;16.3442;50.9599;20.5
7531487;Świdnik;22.68494;51.216709;20.4
7533227;Gogolin;18.022301;50.4888;20.4
7533046;Lądek-Zdrój;16.883301;50.348202;20.3
7533136;Zawichost;21.8346;50.799198;20.3
7533441;Olszyna;15.3713;51.0756;20.3
7532657;Darłowo;16.410601;54.428501;20.2
7532983;Maków Podhalański;19.6607;49.739799;20.1
7531351;Dzierżoniów;16.64731;50.729179;20.1
7532266;Łaziska Górne;18.8528;50.143398;20.1
7531692;Międzyrzec Podlaski;22.7731;52.018101;20.0
754069;Zakroczym;20.61207;52.43351;20.0
7532315;Pruchnik;22.489799;49.897598;19.9
7532274;Głowno;19.714001;51.962002;19.8
3090967;Niemcza;16.83573;50.72007;19.8
7533207;Nekla;17.4058;52.384998;19.8
3100280;Dobrzyca;17.603359;51.866631;19.7
7531422;Kobyłka;21.19878;52.340118;19.6
7533272;Ciechanowiec;22.5072;52.6763;19.5
7533158;Dębno;14.6952;52.741402;19.5
7531339;Łańcut;22.224569;50.069698;19.4
7531307;Radzyń Podlaski;22.626369;51.776829;19.3
7531395;Sulejówek;21.28162;52.244469;19.3
7533444;Słubice;14.5899;52.359001;19.2
7531704;Pruszków;20.798599;52.172001;19.2
7533373;Brzeszcze;19.147449;49.983521;19.0
7532222;Zambrów;22.2472;52.976002;19.0
7533052;Łęczna;22.885099;51.302502;19.0
7532934;Grajewo;22.450899;53.640099;18.9
7532658;Jawor;16.184999;51.0676;18.8
7533144;Kietrz;18.0126;50.080799;18.7
7532380;Limanowa;20.4107;49.714901;18.7
7533412;Solec Kujawski;18.242599;53.0746;18.7
7531338;Sierpc;19.665211;52.85323;18.6
7533534;Sokółka;23.5026;53.406799;18.6
7533336;Tyszowce;23.723499;50.624599;18.5
7532054;Pionki;21.447399;51.471699;18.4
7533143;Trzcianka;16.446501;53.042599;18.3
7533383;Grodzisk Wielkopolski;16.365999;52.226101;18.2
3084213;Borne Sulinowo;16.533951;53.576611;18.2
7533267;Tuchów;21.059401;49.894001;18.1
7532304;Kamienna Góra;16.0336;50.784599;18.0
7533523;Szczekociny;19.8277;50.6213;18.0
7532229;Włodawa;23.5336;51.541199;18.0
3083904;Szadek;18.975491;51.691738;17.9
7533399;Koprzywnica;21.576;50.594799;17.9
7532621;Lębork;17.757799;54.5355;17.9
7532411;Wągrowiec;17.1978;52.812199;17.8
7533415;Konstancin-Jeziorna;21.1056;52.083801;17.7
7532515;Pieszyce;16.553801;50.703602;17.7
7533250;Biecz;21.259001;49.732201;17.7
7533030;Końskie;20.405399;51.184399;17.7
7533414;Tuchola;17.86162;53.586948;17.7
3103824;Barlinek;15.21864;52.99464;17.6
7533266;Chorzele;20.914801;53.2603;17.5
7532606;Sokołów Podlaski;22.233999;52.4142;17.5
763011;Osiek;21.441919;50.519958;17.4
7530820;Sopot;18.547819;54.441849;17.3
7533365;Wołomin;21.2362;52.342602;17.2
7533397;Brzeg Dolny;16.719601;51.268398;17.2
7533380;Gołdap;22.2983;54.313099;17.2
760745;Radoszyce;20.25836;51.073921;17.2
7531264;Malbork;19.04435;54.028461;17.2
760166;Ruciane-Nida;21.53964;53.641609;17.1
7532997;Jelcz-Laskowice;17.33;51.0327;17.1
7533398;Syców;17.729401;51.3032;17.1
3094490;Krzeszowice;19.632231;50.142479;17.0
7533428;Świebodzin;15.5311;52.244202;16.9
7533434;Wieluń;18.569;51.2253;16.9
3093028;Lubawa;19.74966;53.50428;16.8
7533402;Radłów;20.8417;50.083599;16.8
7533437;Ustrzyki Dolne;22.578199;49.430199;16.8
774393;Choroszcz;22.98889;53.143318;16.8
768861;Kock;22.443911;51.639969;16.8
7533295;Nowa Dęba;21.754;50.4198;16.7
7533128;Lwówek Śląski;15.5866;51.111118;16.7
7531202;Pruszcz Gdański;18.6453;54.257778;16.5
3084193;Sułkowice;19.93495;50.2253;16.5
7532982;Zawadzkie;18.448299;50.607899;16.5
3087640;Puszczykowo;16.849251;52.285702;16.4
7531551;Czeladź;19.08231;50.319191;16.4
7533024;Jarocin;17.5075;51.961498;16.4
7533319;Piaseczno;21.017;52.073399;16.2
7533296;Prószków;17.875;50.572201;16.2
7533413;Głuszyca;16.3892;50.688599;16.2
7531734;Turek;18.511499;52.016102;16.2
7532100;Lubań;15.2808;51.1147;16.1
7533395;Nowogrodziec;15.3939;51.1991;16.1
7533563;Pilzno;21.2834;49.974499;16.0
7533180;Wąchock;21.0431;51.071499;16.0
7532244;Zgorzelec;15.0171;51.151699;15.9
7533270;Sianów;16.319201;54.224201;15.9
7532759;Kościerzyna;17.9846;54.120701;15.9
766137;Lipsko;21.64933;51.159538;15.7
7533298;Drohiczyn;22.653999;52.406399;15.7
7533524;Łask;19.158199;51.601799;15.7
3086106;Siechnice;17.14743;51.03384;15.6
7533231;Sokołów Małopolski;22.1196;50.236698;15.5
773453;Daleszyce;20.807911;50.802292;15.5
7531931;Ozorków;19.2967;51.958599;15.5
766452;Lesko;22.33042;49.4701;15.3
3101426;Ciechocinek;18.79505;52.879082;15.3
7533347;Poniatowa;22.0578;51.182999;15.3
754479;Wysokie Mazowieckie;22.51712;52.916611;15.2
762588;Pasym;20.79188;53.650688;15.2
7533564;Opole Lubelskie;21.969601;51.148499;15.1
7533248;Olesno;18.4132;50.875999;15.1
7533369;Ziębice;17.035101;50.5924;15.1
7533084;Radków;16.390301;50.501499;15.0
7533105;Stary Sącz;20.635099;49.561798;15.0
7531108;Rydułtowy;18.417509;50.059151;15.0
7533041;Sława;16.0243;51.893799;14.9
7532912;Łeba;17.557871;54.761879;14.8
7531477;Mrągowo;21.29887;53.8685;14.8
7533529;Janów Lubelski;22.413601;50.7006;14.8
3082854;Ujazd;19.922251;51.597809;14.8
7533280;Mirsk;15.3837;50.9664;14.7
7532249;Brzeg;17.462799;50.858898;14.6
7533540;Wolin;14.5979;53.831799;14.5
7533265;Oborniki Śląskie;16.9093;51.296101;14.5
7533411;Międzylesie;16.6465;50.144299;14.4
7532743;Żyrardów;20.4405;52.0555;14.4
7531391;Lidzbark Warmiński;20.567341;54.130779;14.4
7532485;Rejowiec Fabryczny;23.2498;51.119202;14.3
7532155;Rawa Mazowiecka;20.254999;51.758202;14.3
7533545;Czarna Białostocka;23.267799;53.302299;14.3
7531652;Ostróda;19.9529;53.702599;14.2
7533455;Czchów;20.660999;49.8274;14.1
7533554;Oborniki;16.8053;52.652699;14.1
7531123;Lubartów;22.605869;51.458408;13.9
7533301;Strzyżów;21.788799;49.871201;13.9
7531410;Koło;18.63546;52.19838;13.9
7533560;Aleksandrów Łódzki;19.303801;51.816002;13.8
7531922;Giżycko;21.757299;54.025101;13.7
7533070;Głogów Małopolski;21.9587;50.155998;13.7
7533200;Ząbkowice Śląskie;16.8228;50.587299;13.7
760727;Radymno;22.82375;49.947201;13.6
7533358;Czaplinek;16.232639;53.557899;13.6
7532268;Chełmno;18.42605;53.349171;13.6
7533214;Ścinawa;16.4251;51.410099;13.5
7532290;Legionowo;20.939301;52.4048;13.5
7532643;Luboń;16.8729;52.3367;13.5
7533404;Milicz;17.269899;51.5215;13.5
3091407;Mosina;16.84709;52.24543;13.5
7531822;Milanówek;20.6703;52.124802;13.4
759470;Serock;21.069099;52.510361;13.4
7533001;Wieliczka;20.046;49.987801;13.4
7533171;Pleszew;17.7864;51.894001;13.4
7532438;Świętochłowice;18.9102;50.297901;13.3
7531659;Tomaszów Lubelski;23.426399;50.4478;13.3
758238;Stawiski;22.154619;53.379871;13.2
757386;Szczuczyn;22.285339;53.563301;13.2
7531844;Radzionków;18.900999;50.4016;13.2
7533507;Grodzisk Mazowiecki;20.6332;52.105202;13.2
7532581;Mińsk Mazowiecki;21.556601;52.178902;13.2
3090951;Niemodlin;17.61932;50.641998;13.1
764502;Mogielnica;20.722269;51.694321;13.0
773176;Dobczyce;20.089359;49.881088;13.0
7533514;Wyszogród;20.191099;52.391701;13.0
7533328;Łobez;15.6133;53.635899;12.8
7533111;Biały Bór;16.842899;53.875301;12.8
7531617;Wojkowice;19.031521;50.365929;12.8
7531776;Człuchów;17.368;53.6647;12.8
7531638;Chodzież;16.915701;52.9949;12.8
7533329;Września;17.568501;52.325802;12.7
7533173;Chojna;14.4269;52.9562;12.6
764100;Nasielsk;20.805531;52.588871;12.6
7533178;Nowogard;15.1186;53.671902;12.6
7531104;Radlin;18.466009;50.04118;12.5
3092813;Lubsko;14.97196;51.784672;12.5
764117;Narol;23.32679;50.349251;12.4
7532292;Braniewo;19.820499;54.379398;12.4
3087287;Recz;15.54713;53.259892;12.4
3098201;Gryfice;15.20027;53.9165;12.4
7533378;Śrem;17.0187;52.0867;12.4
7533189;Kluczbork;18.2204;50.974499;12.4
7533124;Zdzieszowice;18.114799;50.421299;12.4
7533360;Busko-Zdrój;20.716499;50.4702;12.3
7533309;Uniejów;18.7973;51.968399;12.2
7533022;Pyzdry;17.6842;52.1684;12.2
7533050;Łapy;22.8771;52.993698;12.1
753392;Żelechów;20.72777;52.01532;12.1
7533419;Lubniewice;15.2386;52.510101;12.1
7533047;Kalisz Pomorski;15.9031;53.2929;12.0
7533116;Brzesko;20.610701;49.974499;11.9
7533276;Świecie;18.418699;53.403099;11.9
7531673;Bartoszyce;20.810301;54.253399;11.8
7533390;Goleniów;14.8382;53.5606;11.8
3086288;Sanniki;19.867661;52.33046;11.8
7533313;Lewin Brzeski;17.630301;50.754501;11.6
7531402;Płońsk;20.36301;52.626469;11.6
7532319;Złotów;17.066299;53.374001;11.6
7533435;Kosów Lacki;22.1535;52.5951;11.6
7533381;Olecko;22.4981;54.036098;11.5
7533091;Zator;19.431;49.985901;11.5
7532656;Złotoryja;15.9185;51.122299;11.5
7532449;Działdowo;20.151899;53.2883;11.5
7533348;Brzozów;22.0194;49.697701;11.5
7533426;Rzepin;14.8363;52.3437;11.4
770155;Jędrzejów;21.72332;52.192558;11.4
7532625;Nowe Miasto Lubawskie;19.5924;53.42263;11.4
764204;Myszyniec;21.349609;53.38055;11.2
7533366;Skoki;17.1663;52.6647;11.2
7533239;Gostyń;17.0091;51.882702;11.1
7533141;Szamotuły;16.5791;52.6092;11.1
3093268;Lipno;19.17852;52.84436;11.0
7532677;Ząbki;21.112499;52.2924;11.0
7531610;Rypin;19.40885;53.066212;11.0
7533337;Szprotawa;15.5217;51.560902;11.0
3088060;Prusice;16.960251;51.371159;10.9
7533387;Węgorzewo;21.748899;54.208;10.9
3082587;Warta;18.62483;51.710491;10.9
7533162;Nakło nad Notecią;17.600901;53.1423;10.8
3085826;Skarszewy;18.44416;54.069111;10.8
7533130;Zelów;19.224899;51.472599;10.8
7533073;Bystrzyca Kłodzka;16.6499;50.2953;10.7
7533056;Kamień Pomorski;14.7829;53.969501;10.7
3100127;Drezdenko;15.83078;52.83831;10.7
7533234;Tarnogród;22.742901;50.364101;10.7
7532078;Szczytno;21.033001;53.546398;10.6
7533037;Trzebnica;17.059099;51.3069;10.6
7533478;Jedlicze;21.646999;49.716999;10.6
7533264;Wadowice;19.495399;49.884201;10.5
7533191;Kozienice;21.536501;51.585999;10.5
7533268;Wilamowice;19.159201;49.919498;10.4
7531147;Kętrzyn;21.37496;54.082321;10.4
7533042;Strzelin;17.0767;50.777699;10.3
7533538;Andrychów;19.339199;49.853802;10.3
7533451;Mieroszów;16.19059;50.669811;10.3
7532659;Słupca;17.868601;52.290699;10.3
7531204;Maków Mazowiecki;21.093109;52.861759;10.3
7533483;Międzyrzecz;15.5914;52.448299;10.3
7533463;Trzebiatów;15.2825;54.055698;10.3
3088749;Pobiedziska;17.28767;52.477531;10.2
7531163;Ustka;16.86018;54.573181;10.2
3101006;Czerniejewo;17.48925;52.426399;10.2
7531437;Podkowa Leśna;20.74695;52.110981;10.1
3081495;Wolbrom;19.75831;50.37957;10.1
756938;Terespol;23.61614;52.0755;10.1
7533371;Brwinów;20.716299;52.143101;10.1
7533139;Pisz;21.809601;53.6273;10.1
3097553;Jaraczewo;17.29707;51.96854;10.1
7533043;Sędziszów Małopolski;21.707001;50.067501;10.0
7531169;Czarna Woda;18.1373;53.847801;9.9
7533477;Pieńsk;15.0561;51.250401;9.9
3095413;Koluszki;19.819941;51.73872;9.9
3088096;Prochowice;16.36532;51.273071;9.9
3090907;Nieszawa;18.89921;52.834518;9.8
3100984;Czersk;17.976471;53.795891;9.7
7533551;Toszek;18.524799;50.4599;9.7
7533429;Rychwał;18.1738;52.072201;9.7
7533502;Tyczyn;22.0257;49.962799;9.7
3100124;Drobin;19.989281;52.737751;9.7
763066;Orneta;20.13328;54.11483;9.6
7533549;Kłecko;17.4415;52.626701;9.6
7533388;Choszczno;15.4269;53.168701;9.6
7533423;Gryfino;14.4967;53.256001;9.6
7533262;Biała Rawska;20.473801;51.798401;9.5
7533087;Janikowo;18.111601;52.756699;9.5
3096630;Karlino;15.87739;54.035149;9.4
7533314;Praszka;18.4529;51.048302;9.4
7533322;Mikołajki;21.5809;53.801899;9.3
761978;Pniewy;20.745781;51.91468;9.3
3081300;Wschowa;16.316629;51.807049;9.3
3083026;Tuczno;16.153681;53.193741;9.2
3099120;Gniewkowo;18.40785;52.894611;9.2
763765;Nowa Sarzyna;22.344561;50.320862;9.2
3083264;Torzym;15.08243;52.313309;9.1
7533096;Boguchwała;21.936501;49.983601;9.1
7533252;Chocianów;15.906;51.4175;9.0
7532231;Łęczyca;19.198999;52.054298;9.0
3104127;Alwernia;19.53953;50.060558;8.9
3100883;Dąbie;19.98333;50.066669;8.8
7533315;Radomyśl Wielki;21.2757;50.196301;8.8
7532028;Kościan;16.649401;52.083401;8.8
775110;Brzostek;21.41102;49.879539;8.8
3091804;Miłakowo;16.183331;54.200001;8.8
7533199;Bytów;17.500601;54.179699;8.7
7531648;Opatówek;18.225;51.744701;8.7
775736;Bodzentyn;20.95719;50.941151;8.7
7533114;Murowana Goślina;17.0098;52.569698;8.6
7533109;Kąty Wrocławskie;16.761499;51.0271;8.6
7533249;Łazy;19.392;50.425201;8.6
7533251;Mszczonów;20.532101;51.9771;8.6
7531618;Wąbrzeźno;18.952391;53.278358;8.5
755390;Wojnicz;20.837851;49.958;8.5
3089231;Piaski;19.090839;50.305752;8.4
7533497;Łomianki;20.8939;52.333199;8.4
7533226;Żnin;17.73;52.844601;8.4
7533235;Mogilno;17.9541;52.658699;8.3
3081826;Witkowo;17.77264;52.43964;8.3
3081818;Witnica;14.89765;52.67318;8.2
7533462;Swarzędz;17.0665;52.409401;8.2
3089010;Pilica;19.65729;50.467991;8.2
3080757;Zalewo;19.60519;53.845341;8.2
7533119;Ulanów;22.2959;50.4907;8.2
7533168;Orzysz;21.9569;53.804001;8.2
7533247;Krosno Odrzańskie;15.1014;52.040901;8.2
765857;Lubomierz;20.202141;49.60854;8.1
7533089;Parczew;22.893;51.634701;8.1
3095058;Kostrzyn;17.228109;52.398472;8.0
7533503;Kolbuszowa;21.7666;50.236;7.9
764531;Modliborzyce;22.329451;50.754162;7.9
7532012;Chełmża;18.608801;53.192299;7.8
774504;Chmielnik;20.75206;50.614399;7.8
3096160;Kleczew;18.177139;52.370571;7.8
7533086;Kępno;17.9867;51.2854;7.8
7533203;Rawicz;16.878201;51.616901;7.7
7533172;Złoty Stok;16.871799;50.434399;7.7
776677;Annopol;21.856779;50.885509;7.7
764292;Mrozy;21.802629;52.166088;7.7
763165;Olsztynek;20.28471;53.58374;7.7
7533425;Szubin;17.7423;53.009602;7.7
7533486;Kańczuga;22.395599;49.9772;7.6
7533069;Frombork;19.685801;54.358101;7.6
7533405;Żarów;16.4932;50.942799;7.6
3103780;Barwice;16.355301;53.7449;7.5
3100489;Debrzno;17.236429;53.53817;7.5
7531312;Golub-Dobrzyń;19.05414;53.112228;7.5
3098991;Golczewo;14.97847;53.824261;7.4
772107;Glinojeck;20.291981;52.819832;7.4
761258;Proszowice;20.289089;50.192749;7.3
3088161;Prabuty;19.205469;53.755001;7.3
7531542;Nowe Brzesko;20.40254;50.148918;7.3
7532648;Aleksandrów Kujawski;18.700399;52.876301;7.2
775796;Bobowa;20.94767;49.70866;7.2
7533067;Kołaczyce;21.434401;49.810699;7.2
759172;Skalbmierz;20.39929;50.319931;7.1
3094690;Krobia;16.98237;51.774052;7.1
761008;Przysucha;20.628889;51.358582;7.0
7533164;Sulechów;15.6142;52.085999;6.9
3101695;Chocz;17.869949;51.976421;6.9
7532990;Nidzica;20.422899;53.362999;6.9
757388;Szczucin;21.07444;50.30957;6.9
7533501;Węgorzyno;15.5645;53.5382;6.9
3096385;Kcynia;17.4883;52.99192;6.8
7532986;Głuchołazy;17.368401;50.313702;6.8
7533057;Kartuzy;18.19726;54.33532;6.8
759301;Sieniawa;22.609541;50.177898;6.7
774730;Bychawa;22.532961;51.016079;6.7
3084143;Susz;19.336451;53.71743;6.7
762223;Pilawa;21.53089;51.95945;6.7
3094585;Kruszwica;18.33131;52.675621;6.6
7533278;Gryfów Śląski;15.4195;51.026199;6.6
7533409;Paczków;17.003799;50.466099;6.6
760518;Rejowiec;23.281919;51.091339;6.5
7533224;Opalenica;16.4135;52.313301;6.4
7533107;Międzybórz;17.6724;51.401699;6.4
7533410;Strumień;18.7542;49.918499;6.3
3102909;Borek Wielkopolski;17.241329;51.91674;6.3
3085158;Sompolno;18.502819;52.388321;6.2
3080410;Zduny;18.164351;51.743931;6.2
3100231;Dolsk;17.062731;51.9818;6.2
3079920;Zwierzyniec;19.0042;50.13707;6.2
7533161;Przemków;15.7835;51.5308;6.2
7533552;Przedbórz;19.8745;51.082699;6.1
7533553;Gniew;18.811399;53.841;6.0
7533440;Okonek;16.8535;53.5284;6.0
7533293;Iwonicz-Zdrój;21.785101;49.563;5.9
3081350;Wronki;16.38044;52.71051;5.8
3102019;Byczyna;18.21413;51.113869;5.8
7533237;Ujście;16.727699;53.054798;5.8
7532279;Piastów;20.8463;52.185501;5.8
3100400;Dobiegniew;15.75362;52.969471;5.7
7533297;Supraśl;23.3465;53.2117;5.7
3092080;Miastko;16.98263;54.002831;5.7
7533015;Lidzbark;19.823799;53.259998;5.7
3092197;Maszewo;15.06166;53.496151;5.5
3093350;Lipiany;14.96919;53.003361;5.5
7533132;Kalwaria Zebrzydowska;19.6663;49.8671;5.5
772857;Dukla;21.68317;49.555538;5.5
3083077;Trzemeszno;17.823111;52.56139;5.5
3100297;Dobrzany;15.42886;53.359138;5.3
769346;Kazimierza Wielka;20.49358;50.26564;5.3
7531896;Chojnów;15.9078;51.2938;5.3
3101255;Cybinka;14.79567;52.194462;5.3
3091861;Mieszkowice;14.49346;52.7873;5.3
757071;Tarczyn;20.833941;51.981972;5.2
3102488;Brusy;17.717859;53.88446;5.2
7533061;Nowy Tomyśl;16.133101;52.3111;5.2
7533285;Margonin;17.0998;52.970501;5.2
763260;Oleszyce;23.034809;50.1675;5.1
7531426;Jastarnia;18.628441;54.714771;5.1
3100148;Drawno;15.75946;53.21986;5.0
3091351;Mrocza;17.60405;53.24313;5.0
3097078;Józefów;19.49246;51.706001;5.0
775890;Biskupiec;20.956921;53.86467;5.0
766142;Lipsk;23.40225;53.73312;5.0
3095931;Kobylin;17.22682;51.71645;4.9
773148;Dobre Miasto;20.39749;53.986679;4.9
754509;Wysoka;22.260019;50.044739;4.8
7532977;Drzewica;20.471201;51.4464;4.8
7531634;Puck;18.319401;54.715401;4.8
3081419;Wolsztyn;16.117121;52.11552;4.8
7533170;Bobolice;16.586599;53.958199;4.8
3089934;Osieczna;16.678619;51.904202;4.8
3103847;Bardo;16.739861;50.50589;4.7
3094981;Kowal;19.147671;52.53019;4.7
7533385;Frampol;22.6651;50.674;4.7
7533446;Nowy Staw;19.0098;54.138901;4.7
3083880;Szamocin;17.12653;53.02795;4.7
3083616;Sztum;19.03072;53.920769;4.6
776384;Barczewo;20.69112;53.830551;4.6
3096640;Kargowa;15.86138;52.0714;4.6
758116;Stopnica;20.937799;50.440182;4.6
764407;Mordy;22.51725;52.211601;4.5
7533065;Jedwabne;22.2952;53.294399;4.5
7533183;Międzyzdroje;14.4365;53.925701;4.5
759503;Sejny;23.346979;54.108021;4.5
7533085;Resko;15.4065;53.769001;4.5
3084396;Strzelno;18.172461;52.627892;4.5
3094953;Kowalewo Pomorskie;18.89868;53.15432;4.5
7533033;Świątniki Górne;19.954599;49.932301;4.4
3089282;Pelplin;18.697701;53.928341;4.4
764414;Morawica;20.617559;50.74678;4.4
3088548;Pogorzela;17.230169;51.822201;4.4
759839;Ryn;21.546419;53.937698;4.1
3081158;Wyrzysk;17.268021;53.153;4.1
768116;Korsze;21.139151;54.170021;4.0
754092;Zakliczyn;20.809349;49.855888;4.0
3082916;Tychowo;16.25771;53.927738;4.0
767357;Krynki;23.773041;53.264439;3.8
760488;Reszel;21.145849;54.050419;3.8
3094813;Krajenka;16.990789;53.297588;3.8
3090364;Obrzycko;16.52807;52.703381;3.7
3103856;Barcin;17.946251;52.86607;3.7
3101697;Chociwel;15.33342;53.466961;3.7
7533257;Babimost;15.8285;52.1647;3.7
3090660;Nowe;18.72716;53.649059;3.6
7533175;Suchań;15.3246;53.2794;3.6
3098949;Golina;18.09268;52.243149;3.5
3088345;Poniec;16.80867;51.763432;3.5
7533445;Słomniki;20.076799;50.239899;3.4
770078;Jeziorany;20.746389;53.97578;3.4
3084660;Stepnica;14.62555;53.651871;3.4
3096208;Kisielice;19.2635;53.608551;3.4
3087383;Rakoniewice;16.27346;52.139061;3.4
3090616;Nowe Miasteczko;15.73174;51.690971;3.3
3089583;Ozimek;18.213699;50.67944;3.3
3094549;Krzanowice;18.122511;50.018219;3.1
3097594;Janowiec Wielkopolski;17.489811;52.755829;3.0
7533427;Trzciel;15.876;52.3638;3.0
3087992;Przedecz;18.899151;52.3344;3.0
7532984;Skała;19.853399;50.2276;3.0
3102138;Buk;16.519581;52.35532;3.0
3091817;Mikstat;17.97378;51.53236;2.5
7533510;Mirosławiec;16.087799;53.344501;2.4
7533453;Stronie Śląskie;16.878901;50.297001;2.4
773165;Dobra;20.253469;49.71793;2.4
3103009;Bojanowo;16.74827;51.707489;2.3
7533367;Bytom Odrzański;15.8242;51.7281;2.3
7533223;Tolkmicko;19.5313;54.321201;2.3
3097841;Izbica Kujawska;18.762699;52.420731;2.2
3086527;Rydzyna;16.66761;51.78651;2.2
775886;Bisztynek;20.90192;54.08633;2.2
3092818;Lubraniec;18.832541;52.541779;2.0
757335;Szepietowo;22.543921;52.870319;2.0
773165;Dobra;20.253469;49.71793;1.8
3101918;Cedynia;14.20249;52.879311;1.7
3096999;Jutrosin;17.169571;51.650089;1.6
3090597;Nowe Skalmierzyce;17.99337;51.710381;1.6
7533493;Szlichtyngowa;16.239401;51.708099;1.6
3101689;Chodecz;19.02759;52.405128;1.4
3082299;Wielichowo;16.351801;52.11573;1.2
3084717;Stawiszyn;18.11171;51.917858;1.0
